# X Z
0.0 4.242640687119285
0.003467569762250226 4.242640687119285
0.006935139524500452 4.242640687119285
0.010402709286750678 4.242640687119285
0.013870279049000903 4.242640687119285
0.017337848811251128 4.242640687119285
0.020805418573501357 4.242640687119285
0.02427298833575158 4.242640687119285
0.027740558098001807 4.242640687119285
0.03120812786025203 4.242640687119285
0.034675697622502256 4.242640687119285
0.03814326738475248 4.242640687119285
0.04161083714700271 4.242640687119285
0.04507840690925294 4.242640687119285
0.04854597667150316 4.242640687119285
0.05201354643375339 4.242640687119285
0.05548111619600361 4.242640687119285
0.05894868595825384 4.242640687119285
0.06241625572050406 4.242640687119285
0.06588382548275429 4.242640687119285
0.06935139524500451 4.242640687119285
0.07281896500725474 4.242640687119285
0.07628653476950496 4.242640687119285
0.07975410453175519 4.242640687119285
0.08322167429400543 4.242640687119285
0.08668924405625565 4.242640687119285
0.09015681381850588 4.242640687119285
0.0936243835807561 4.242640687119285
0.09709195334300633 4.242640687119285
0.10055952310525655 4.242640687119285
0.10402709286750678 4.242640687119285
0.107494662629757 4.242640687119285
0.11096223239200723 4.242640687119285
0.11442980215425745 4.242640687119285
0.11789737191650768 4.242640687119285
0.1213649416787579 4.242640687119285
0.12483251144100813 4.242640687119285
0.12830008120325836 4.242640687119285
0.13176765096550858 4.242640687119285
0.13523522072775881 4.242640687119285
0.13870279049000903 4.242640687119285
0.14217036025225926 4.242640687119285
0.14563793001450948 4.242640687119285
0.14910549977675971 4.242640687119285
0.15257306953900993 4.242640687119285
0.15604063930126016 4.242640687119285
0.15950820906351038 4.242640687119285
0.16297577882576061 4.242640687119285
0.16644334858801085 4.242640687119285
0.16991091835026106 4.242640687119285
0.1733784881125113 4.242640687119285
0.17684605787476151 4.242640687119285
0.18031362763701175 4.242640687119285
0.18378119739926196 4.242640687119285
0.1872487671615122 4.242640687119285
0.19071633692376241 4.242640687119285
0.19418390668601265 4.242640687119285
0.19765147644826286 4.242640687119285
0.2011190462105131 4.242640687119285
0.2045866159727633 4.242640687119285
0.20805418573501355 4.242640687119285
0.21152175549726376 4.242640687119285
0.214989325259514 4.242640687119285
0.2184568950217642 4.242640687119285
0.22192446478401445 4.242640687119285
0.2253920345462647 4.242640687119285
0.2288596043085149 4.242640687119285
0.23232717407076514 4.242640687119285
0.23579474383301535 4.242640687119285
0.2392623135952656 4.242640687119285
0.2427298833575158 4.242640687119285
0.24619745311976604 4.242640687119285
0.24966502288201625 4.242640687119285
0.25313259264426646 4.242640687119285
0.25660016240651673 4.242640687119285
0.26006773216876694 4.242640687119285
0.26353530193101715 4.242640687119285
0.26700287169326736 4.242640687119285
0.27047044145551763 4.242640687119285
0.27393801121776784 4.242640687119285
0.27740558098001805 4.242640687119285
0.2808731507422683 4.242640687119285
0.28434072050451853 4.242640687119285
0.28780829026676874 4.242640687119285
0.29127586002901895 4.242640687119285
0.2947434297912692 4.242640687119285
0.29821099955351943 4.242640687119285
0.30167856931576964 4.242640687119285
0.30514613907801985 4.242640687119285
0.3086137088402701 4.242640687119285
0.31208127860252033 4.242640687119285
0.31554884836477054 4.242640687119285
0.31901641812702075 4.242640687119285
0.322483987889271 4.242640687119285
0.32595155765152123 4.242640687119285
0.32941912741377144 4.242640687119285
0.3328866971760217 4.242640687119285
0.3363542669382719 4.242640687119285
0.33982183670052213 4.242640687119285
0.34328940646277234 4.242640687119285
0.3467569762250226 4.242640687119285
0.3502245459872728 4.242640687119285
0.35369211574952303 4.242640687119285
0.35715968551177324 4.242640687119285
0.3606272552740235 4.242640687119285
0.3640948250362737 4.242640687119285
0.36756239479852393 4.242640687119285
0.37102996456077414 4.242640687119285
0.3744975343230244 4.242640687119285
0.3779651040852746 4.242640687119285
0.38143267384752483 4.242640687119285
0.38490024360977504 4.242640687119285
0.3883678133720253 4.242640687119285
0.3918353831342755 4.242640687119285
0.39530295289652573 4.242640687119285
0.398770522658776 4.242640687119285
0.4022380924210262 4.242640687119285
0.4057056621832764 4.242640687119285
0.4091732319455266 4.242640687119285
0.4126408017077769 4.242640687119285
0.4161083714700271 4.242640687119285
0.4195759412322773 4.242640687119285
0.4230435109945275 4.242640687119285
0.4265110807567778 4.242640687119285
0.429978650519028 4.242640687119285
0.4334462202812782 4.242640687119285
0.4369137900435284 4.242640687119285
0.4403813598057787 4.242640687119285
0.4438489295680289 4.242640687119285
0.4473164993302791 4.242640687119285
0.4507840690925294 4.242640687119285
0.4542516388547796 4.242640687119285
0.4577192086170298 4.242640687119285
0.46118677837928 4.242640687119285
0.4646543481415303 4.242640687119285
0.4681219179037805 4.242640687119285
0.4715894876660307 4.242640687119285
0.4750570574282809 4.242640687119285
0.4785246271905312 4.242640687119285
0.4819921969527814 4.242640687119285
0.4854597667150316 4.242640687119285
0.4889273364772818 4.242640687119285
0.4923949062395321 4.242640687119285
0.4958624760017823 4.242640687119285
0.4993300457640325 4.242640687119285
0.5027976155262828 4.242640687119285
0.5062651852885329 4.242640687119285
0.5097327550507832 4.242640687119285
0.5132003248130335 4.242640687119285
0.5166678945752836 4.242640687119285
0.5201354643375339 4.242640687119285
0.5236030340997841 4.242640687119285
0.5270706038620343 4.242640687119285
0.5305381736242846 4.242640687119285
0.5340057433865347 4.242640687119285
0.537473313148785 4.242640687119285
0.5409408829110353 4.242640687119285
0.5444084526732854 4.242640687119285
0.5478760224355357 4.242640687119285
0.551343592197786 4.242640687119285
0.5548111619600361 4.242640687119285
0.5582787317222864 4.242640687119285
0.5617463014845366 4.242640687119285
0.5652138712467868 4.242640687119285
0.5686814410090371 4.242640687119285
0.5721490107712872 4.242640687119285
0.5756165805335375 4.242640687119285
0.5790841502957877 4.242640687119285
0.5825517200580379 4.242640687119285
0.5860192898202882 4.242640687119285
0.5894868595825384 4.242640687119285
0.5929544293447886 4.242640687119285
0.5964219991070389 4.242640687119285
0.599889568869289 4.242640687119285
0.6033571386315393 4.242640687119285
0.6068247083937895 4.242640687119285
0.6102922781560397 4.242640687119285
0.61375984791829 4.242640687119285
0.6172274176805402 4.242640687119285
0.6206949874427904 4.242640687119285
0.6241625572050407 4.242640687119285
0.6276301269672909 4.242640687119285
0.6310976967295411 4.242640687119285
0.6345652664917913 4.242640687119285
0.6380328362540415 4.242640687119285
0.6415004060162918 4.242640687119285
0.644967975778542 4.242640687119285
0.6484355455407922 4.242640687119285
0.6519031153030425 4.242640687119285
0.6553706850652927 4.242640687119285
0.6588382548275429 4.242640687119285
0.6623058245897931 4.242640687119285
0.6657733943520434 4.242640687119285
0.6692409641142936 4.242640687119285
0.6727085338765438 4.242640687119285
0.676176103638794 4.242640687119285
0.6796436734010443 4.242640687119285
0.6831112431632945 4.242640687119285
0.6865788129255447 4.242640687119285
0.690046382687795 4.242640687119285
0.6935139524500452 4.242640687119285
0.6969815222122954 4.242640687119285
0.7004490919745456 4.242640687119285
0.7039166617367958 4.242640687119285
0.7073842314990461 4.242640687119285
0.7108518012612963 4.242640687119285
0.7143193710235465 4.242640687119285
0.7177869407857967 4.242640687119285
0.721254510548047 4.242640687119285
0.7247220803102972 4.242640687119285
0.7281896500725474 4.242640687119285
0.7316572198347977 4.242640687119285
0.7351247895970479 4.242640687119285
0.7385923593592981 4.242640687119285
0.7420599291215483 4.242640687119285
0.7455274988837985 4.242640687119285
0.7489950686460488 4.242640687119285
0.752462638408299 4.242640687119285
0.7559302081705492 4.242640687119285
0.7593977779327995 4.242640687119285
0.7628653476950497 4.242640687119285
0.7663329174572999 4.242640687119285
0.7698004872195501 4.242640687119285
0.7732680569818003 4.242640687119285
0.7767356267440506 4.242640687119285
0.7802031965063008 4.242640687119285
0.783670766268551 4.242640687119285
0.7871383360308013 4.242640687119285
0.7906059057930515 4.242640687119285
0.7940734755553017 4.242640687119285
0.797541045317552 4.242640687119285
0.8010086150798021 4.242640687119285
0.8044761848420524 4.242640687119285
0.8079437546043026 4.242640687119285
0.8114113243665528 4.242640687119285
0.8148788941288031 4.242640687119285
0.8183464638910533 4.242640687119285
0.8218140336533035 4.242640687119285
0.8252816034155538 4.242640687119285
0.8287491731778039 4.242640687119285
0.8322167429400542 4.242640687119285
0.8356843127023045 4.242640687119285
0.8391518824645546 4.242640687119285
0.8426194522268049 4.242640687119285
0.846087021989055 4.242640687119285
0.8495545917513053 4.242640687119285
0.8530221615135556 4.242640687119285
0.8564897312758057 4.242640687119285
0.859957301038056 4.242640687119285
0.8634248708003063 4.242640687119285
0.8668924405625564 4.242640687119285
0.8703600103248067 4.242640687119285
0.8738275800870569 4.242640687119285
0.8772951498493071 4.242640687119285
0.8807627196115574 4.242640687119285
0.8842302893738075 4.242640687119285
0.8876978591360578 4.242640687119285
0.8911654288983081 4.242640687119285
0.8946329986605582 4.242640687119285
0.8981005684228085 4.242640687119285
0.9015681381850588 4.242640687119285
0.9050357079473089 4.242640687119285
0.9085032777095592 4.242640687119285
0.9119708474718093 4.242640687119285
0.9154384172340596 4.242640687119285
0.9189059869963099 4.242640687119285
0.92237355675856 4.242640687119285
0.9258411265208103 4.242640687119285
0.9293086962830606 4.242640687119285
0.9327762660453107 4.242640687119285
0.936243835807561 4.242640687119285
0.9397114055698111 4.242640687119285
0.9431789753320614 4.242640687119285
0.9466465450943117 4.242640687119285
0.9501141148565618 4.242640687119285
0.9535816846188121 4.242640687119285
0.9570492543810624 4.242640687119285
0.9605168241433125 4.242640687119285
0.9639843939055628 4.242640687119285
0.967451963667813 4.242640687119285
0.9709195334300632 4.242640687119285
0.9743871031923135 4.242640687119285
0.9778546729545636 4.242640687119285
0.9813222427168139 4.242640687119285
0.9847898124790642 4.242640687119285
0.9882573822413143 4.242640687119285
0.9917249520035646 4.242640687119285
0.9951925217658149 4.242640687119285
0.998660091528065 4.242640687119285
1.0021276612903152 4.242640687119285
1.0055952310525655 4.242640687119285
1.0090628008148157 4.242640687119285
1.0125303705770659 4.242640687119285
1.0159979403393162 4.242640687119285
1.0194655101015664 4.242640687119285
1.0229330798638165 4.242640687119285
1.026400649626067 4.242640687119285
1.029868219388317 4.242640687119285
1.0333357891505672 4.242640687119285
1.0368033589128176 4.242640687119285
1.0402709286750678 4.242640687119285
1.043738498437318 4.242640687119285
1.0472060681995683 4.242640687119285
1.0506736379618185 4.242640687119285
1.0541412077240686 4.242640687119285
1.057608777486319 4.242640687119285
1.0610763472485691 4.242640687119285
1.0645439170108193 4.242640687119285
1.0680114867730695 4.242640687119285
1.0714790565353198 4.242640687119285
1.07494662629757 4.242640687119285
1.0784141960598201 4.242640687119285
1.0818817658220705 4.242640687119285
1.0853493355843207 4.242640687119285
1.0888169053465708 4.242640687119285
1.0922844751088212 4.242640687119285
1.0957520448710714 4.242640687119285
1.0992196146333215 4.242640687119285
1.102687184395572 4.242640687119285
1.106154754157822 4.242640687119285
1.1096223239200722 4.242640687119285
1.1130898936823226 4.242640687119285
1.1165574634445727 4.242640687119285
1.120025033206823 4.242640687119285
1.1234926029690733 4.242640687119285
1.1269601727313234 4.242640687119285
1.1304277424935736 4.242640687119285
1.1338953122558237 4.242640687119285
1.1373628820180741 4.242640687119285
1.1408304517803243 4.242640687119285
1.1442980215425744 4.242640687119285
1.1477655913048248 4.242640687119285
1.151233161067075 4.242640687119285
1.1547007308293251 4.242640687119285
1.1581683005915755 4.242640687119285
1.1616358703538257 4.242640687119285
1.1651034401160758 4.242640687119285
1.1685710098783262 4.242640687119285
1.1720385796405763 4.242640687119285
1.1755061494028265 4.242640687119285
1.1789737191650769 4.242640687119285
1.182441288927327 4.242640687119285
1.1859088586895772 4.242640687119285
1.1893764284518276 4.242640687119285
1.1928439982140777 4.242640687119285
1.1963115679763279 4.242640687119285
1.199779137738578 4.242640687119285
1.2032467075008284 4.242640687119285
1.2067142772630786 4.242640687119285
1.2101818470253287 4.242640687119285
1.213649416787579 4.242640687119285
1.2171169865498292 4.242640687119285
1.2205845563120794 4.242640687119285
1.2240521260743298 4.242640687119285
1.22751969583658 4.242640687119285
1.23098726559883 4.242640687119285
1.2344548353610805 4.242640687119285
1.2379224051233306 4.242640687119285
1.2413899748855808 4.242640687119285
1.2448575446478312 4.242640687119285
1.2483251144100813 4.242640687119285
1.2517926841723315 4.242640687119285
1.2552602539345818 4.242640687119285
1.258727823696832 4.242640687119285
1.2621953934590822 4.242640687119285
1.2656629632213323 4.242640687119285
1.2691305329835827 4.242640687119285
1.2725981027458328 4.242640687119285
1.276065672508083 4.242640687119285
1.2795332422703334 4.242640687119285
1.2830008120325835 4.242640687119285
1.2864683817948337 4.242640687119285
1.289935951557084 4.242640687119285
1.2934035213193342 4.242640687119285
1.2968710910815844 4.242640687119285
1.3003386608438348 4.242640687119285
1.303806230606085 4.242640687119285
1.307273800368335 4.242640687119285
1.3107413701305854 4.242640687119285
1.3142089398928356 4.242640687119285
1.3176765096550858 4.242640687119285
1.3211440794173361 4.242640687119285
1.3246116491795863 4.242640687119285
1.3280792189418364 4.242640687119285
1.3315467887040868 4.242640687119285
1.335014358466337 4.242640687119285
1.3384819282285871 4.242640687119285
1.3419494979908373 4.242640687119285
1.3454170677530877 4.242640687119285
1.3488846375153378 4.242640687119285
1.352352207277588 4.242640687119285
1.3558197770398384 4.242640687119285
1.3592873468020885 4.242640687119285
1.3627549165643387 4.242640687119285
1.366222486326589 4.242640687119285
1.3696900560888392 4.242640687119285
1.3731576258510894 4.242640687119285
1.3766251956133397 4.242640687119285
1.38009276537559 4.242640687119285
1.38356033513784 4.242640687119285
1.3870279049000904 4.242640687119285
1.3904954746623406 4.242640687119285
1.3939630444245907 4.242640687119285
1.3974306141868411 4.242640687119285
1.4008981839490913 4.242640687119285
1.4043657537113414 4.242640687119285
1.4078333234735916 4.242640687119285
1.411300893235842 4.242640687119285
1.4147684629980921 4.242640687119285
1.4182360327603423 4.242640687119285
1.4217036025225926 4.242640687119285
1.4251711722848428 4.242640687119285
1.428638742047093 4.242640687119285
1.4321063118093433 4.242640687119285
1.4355738815715935 4.242640687119285
1.4390414513338436 4.242640687119285
1.442509021096094 4.242640687119285
1.4459765908583442 4.242640687119285
1.4494441606205943 4.242640687119285
1.4529117303828447 4.242640687119285
1.4563793001450949 4.242640687119285
1.459846869907345 4.242640687119285
1.4633144396695954 4.242640687119285
1.4667820094318456 4.242640687119285
1.4702495791940957 4.242640687119285
1.4737171489563459 4.242640687119285
1.4771847187185962 4.242640687119285
1.4806522884808464 4.242640687119285
1.4841198582430966 4.242640687119285
1.487587428005347 4.242640687119285
1.491054997767597 4.242640687119285
1.4945225675298472 4.242640687119285
1.4979901372920976 4.242640687119285
1.5014577070543478 4.242640687119285
1.504925276816598 4.242640687119285
1.5083928465788483 4.242640687119285
1.5118604163410985 4.242640687119285
1.5153279861033486 4.242640687119285
1.518795555865599 4.242640687119285
1.5222631256278492 4.242640687119285
1.5257306953900993 4.242640687119285
1.5291982651523497 4.242640687119285
1.5326658349145998 4.242640687119285
1.53613340467685 4.242640687119285
1.5396009744391002 4.242640687119285
1.5430685442013505 4.242640687119285
1.5465361139636007 4.242640687119285
1.5500036837258508 4.242640687119285
1.5534712534881012 4.242640687119285
1.5569388232503514 4.242640687119285
1.5604063930126015 4.242640687119285
1.563873962774852 4.242640687119285
1.567341532537102 4.242640687119285
1.5708091022993522 4.242640687119285
1.5742766720616026 4.242640687119285
1.5777442418238528 4.242640687119285
1.581211811586103 4.242640687119285
1.5846793813483533 4.242640687119285
1.5881469511106034 4.242640687119285
1.5916145208728536 4.242640687119285
1.595082090635104 4.242640687119285
1.5985496603973541 4.242640687119285
1.6020172301596043 4.242640687119285
1.6054847999218544 4.242640687119285
1.6089523696841048 4.242640687119285
1.612419939446355 4.242640687119285
1.6158875092086051 4.242640687119285
1.6193550789708555 4.242640687119285
1.6228226487331057 4.242640687119285
1.6262902184953558 4.242640687119285
1.6297577882576062 4.242640687119285
1.6332253580198564 4.242640687119285
1.6366929277821065 4.242640687119285
1.6401604975443569 4.242640687119285
1.643628067306607 4.242640687119285
1.6470956370688572 4.242640687119285
1.6505632068311076 4.242640687119285
1.6540307765933577 4.242640687119285
1.6574983463556079 4.242640687119285
1.6609659161178583 4.242640687119285
1.6644334858801084 4.242640687119285
1.6679010556423586 4.242640687119285
1.671368625404609 4.242640687119285
1.674836195166859 4.242640687119285
1.6783037649291093 4.242640687119285
1.6817713346913594 4.242640687119285
1.6852389044536098 4.242640687119285
1.68870647421586 4.242640687119285
1.69217404397811 4.242640687119285
1.6956416137403605 4.242640687119285
1.6991091835026106 4.242640687119285
1.7025767532648608 4.242640687119285
1.7060443230271112 4.242640687119285
1.7095118927893613 4.242640687119285
1.7129794625516115 4.242640687119285
1.7164470323138619 4.242640687119285
1.719914602076112 4.242640687119285
1.7233821718383622 4.242640687119285
1.7268497416006126 4.242640687119285
1.7303173113628627 4.242640687119285
1.7337848811251129 4.242640687119285
1.7372524508873632 4.242640687119285
1.7407200206496134 4.242640687119285
1.7441875904118636 4.242640687119285
1.7476551601741137 4.242640687119285
1.751122729936364 4.242640687119285
1.7545902996986142 4.242640687119285
1.7580578694608644 4.242640687119285
1.7615254392231148 4.242640687119285
1.764993008985365 4.242640687119285
1.768460578747615 4.242640687119285
1.7719281485098655 4.242640687119285
1.7753957182721156 4.242640687119285
1.7788632880343658 4.242640687119285
1.7823308577966162 4.242640687119285
1.7857984275588663 4.242640687119285
1.7892659973211165 4.242640687119285
1.7927335670833668 4.242640687119285
1.796201136845617 4.242640687119285
1.7996687066078672 4.242640687119285
1.8031362763701175 4.242640687119285
1.8066038461323677 4.242640687119285
1.8100714158946178 4.242640687119285
1.813538985656868 4.242640687119285
1.8170065554191184 4.242640687119285
1.8204741251813685 4.242640687119285
1.8239416949436187 4.242640687119285
1.827409264705869 4.242640687119285
1.8308768344681192 4.242640687119285
1.8343444042303694 4.242640687119285
1.8378119739926198 4.242640687119285
1.84127954375487 4.242640687119285
1.84474711351712 4.242640687119285
1.8482146832793704 4.242640687119285
1.8516822530416206 4.242640687119285
1.8551498228038708 4.242640687119285
1.8586173925661211 4.242640687119285
1.8620849623283713 4.242640687119285
1.8655525320906214 4.242640687119285
1.8690201018528718 4.242640687119285
1.872487671615122 4.242640687119285
1.8759552413773721 4.242640687119285
1.8794228111396223 4.242640687119285
1.8828903809018727 4.242640687119285
1.8863579506641228 4.242640687119285
1.889825520426373 4.242640687119285
1.8932930901886234 4.242640687119285
1.8967606599508735 4.242640687119285
1.9002282297131237 4.242640687119285
1.903695799475374 4.242640687119285
1.9071633692376242 4.242640687119285
1.9106309389998744 4.242640687119285
1.9140985087621247 4.242640687119285
1.9175660785243749 4.242640687119285
1.921033648286625 4.242640687119285
1.9245012180488754 4.242640687119285
1.9279687878111256 4.242640687119285
1.9314363575733757 4.242640687119285
1.934903927335626 4.242640687119285
1.9383714970978763 4.242640687119285
1.9418390668601264 4.242640687119285
1.9453066366223768 4.242640687119285
1.948774206384627 4.242640687119285
1.952241776146877 4.242640687119285
1.9557093459091273 4.242640687119285
1.9591769156713776 4.242640687119285
1.9626444854336278 4.242640687119285
1.966112055195878 4.242640687119285
1.9695796249581283 4.242640687119285
1.9730471947203785 4.242640687119285
1.9765147644826286 4.242640687119285
1.979982334244879 4.242640687119285
1.9834499040071292 4.242640687119285
1.9869174737693793 4.242640687119285
1.9903850435316297 4.242640687119285
1.9938526132938799 4.242640687119285
1.99732018305613 4.242640687119285
2.0007877528183804 4.242640687119285
2.0042553225806303 4.242640687119285
2.0077228923428807 4.242640687119285
2.011190462105131 4.242640687119285
2.014658031867381 4.242640687119285
2.0181256016296314 4.242640687119285
2.0215931713918818 4.242640687119285
2.0250607411541317 4.242640687119285
2.028528310916382 4.242640687119285
2.0319958806786325 4.242640687119285
2.0354634504408824 4.242640687119285
2.0389310202031328 4.242640687119285
2.042398589965383 4.242640687119285
2.045866159727633 4.242640687119285
2.0493337294898835 4.242640687119285
2.052801299252134 4.242640687119285
2.0562688690143838 4.242640687119285
2.059736438776634 4.242640687119285
2.0632040085388845 4.242640687119285
2.0666715783011345 4.242640687119285
2.070139148063385 4.242640687119285
2.073606717825635 4.242640687119285
2.077074287587885 4.242640687119285
2.0805418573501355 4.242640687119285
2.084009427112386 4.242640687119285
2.087476996874636 4.242640687119285
2.090944566636886 4.242640687119285
2.0944121363991366 4.242640687119285
2.0978797061613865 4.242640687119285
2.101347275923637 4.242640687119285
2.1048148456858873 4.242640687119285
2.108282415448137 4.242640687119285
2.1117499852103876 4.242640687119285
2.115217554972638 4.242640687119285
2.118685124734888 4.242640687119285
2.1221526944971383 4.242640687119285
2.125620264259388 4.242640687119285
2.1290878340216386 4.242640687119285
2.132555403783889 4.242640687119285
2.136022973546139 4.242640687119285
2.1394905433083893 4.242640687119285
2.1429581130706397 4.242640687119285
2.1464256828328896 4.242640687119285
2.14989325259514 4.242640687119285
2.1533608223573903 4.242640687119285
2.1568283921196403 4.242640687119285
2.1602959618818907 4.242640687119285
2.163763531644141 4.242640687119285
2.167231101406391 4.242640687119285
2.1706986711686413 4.242640687119285
2.1741662409308917 4.242640687119285
2.1776338106931417 4.242640687119285
2.181101380455392 4.242640687119285
2.1845689502176424 4.242640687119285
2.1880365199798923 4.242640687119285
2.1915040897421427 4.242640687119285
2.194971659504393 4.242640687119285
2.198439229266643 4.242640687119285
2.2019067990288934 4.242640687119285
2.205374368791144 4.242640687119285
2.2088419385533937 4.242640687119285
2.212309508315644 4.242640687119285
2.2157770780778945 4.242640687119285
2.2192446478401444 4.242640687119285
2.222712217602395 4.242640687119285
2.226179787364645 4.242640687119285
2.229647357126895 4.242640687119285
2.2331149268891455 4.242640687119285
2.236582496651396 4.242640687119285
2.240050066413646 4.242640687119285
2.243517636175896 4.242640687119285
2.2469852059381465 4.242640687119285
2.2504527757003965 4.242640687119285
2.253920345462647 4.242640687119285
2.257387915224897 4.242640687119285
2.260855484987147 4.242640687119285
2.2643230547493975 4.242640687119285
2.2677906245116475 4.242640687119285
2.271258194273898 4.242640687119285
2.2747257640361482 4.242640687119285
2.278193333798398 4.242640687119285
2.2816609035606485 4.242640687119285
2.285128473322899 4.242640687119285
2.288596043085149 4.242640687119285
2.2920636128473992 4.242640687119285
2.2955311826096496 4.242640687119285
2.2989987523718995 4.242640687119285
2.30246632213415 4.242640687119285
2.3059338918964003 4.242640687119285
2.3094014616586502 4.242640687119285
2.3128690314209006 4.242640687119285
2.316336601183151 4.242640687119285
2.319804170945401 4.242640687119285
2.3232717407076513 4.242640687119285
2.3267393104699017 4.242640687119285
2.3302068802321516 4.242640687119285
2.333674449994402 4.242640687119285
2.3371420197566524 4.242640687119285
2.3406095895189023 4.242640687119285
2.3440771592811527 4.242640687119285
2.347544729043403 4.242640687119285
2.351012298805653 4.242640687119285
2.3544798685679034 4.242640687119285
2.3579474383301537 4.242640687119285
2.3614150080924037 4.242640687119285
2.364882577854654 4.242640687119285
2.3683501476169044 4.242640687119285
2.3718177173791544 4.242640687119285
2.3752852871414047 4.242640687119285
2.378752856903655 4.242640687119285
2.382220426665905 4.242640687119285
2.3856879964281554 4.242640687119285
2.389155566190406 4.242640687119285
2.3926231359526557 4.242640687119285
2.396090705714906 4.242640687119285
2.399558275477156 4.242640687119285
2.4030258452394064 4.242640687119285
2.406493415001657 4.242640687119285
2.4099609847639067 4.242640687119285
2.413428554526157 4.242640687119285
2.4168961242884075 4.242640687119285
2.4203636940506574 4.242640687119285
2.423831263812908 4.242640687119285
2.427298833575158 4.242640687119285
2.430766403337408 4.242640687119285
2.4342339730996585 4.242640687119285
2.437701542861909 4.242640687119285
2.441169112624159 4.242640687119285
2.444636682386409 4.242640687119285
2.4481042521486596 4.242640687119285
2.4515718219109095 4.242640687119285
2.45503939167316 4.242640687119285
2.4585069614354103 4.242640687119285
2.46197453119766 4.242640687119285
2.4654421009599106 4.242640687119285
2.468909670722161 4.242640687119285
2.472377240484411 4.242640687119285
2.4758448102466613 4.242640687119285
2.4793123800089116 4.242640687119285
2.4827799497711616 4.242640687119285
2.486247519533412 4.242640687119285
2.4897150892956623 4.242640687119285
2.4931826590579123 4.242640687119285
2.4966502288201626 4.242640687119285
2.500117798582413 4.242640687119285
2.503585368344663 4.242640687119285
2.5070529381069133 4.242640687119285
2.5105205078691637 4.242640687119285
2.5139880776314136 4.242640687119285
2.517455647393664 4.242640687119285
2.5209232171559144 4.242640687119285
2.5243907869181643 4.242640687119285
2.5278583566804147 4.242640687119285
2.5313259264426646 4.242640687119285
2.534793496204915 4.242640687119285
2.5382610659671654 4.242640687119285
2.5417286357294153 4.242640687119285
2.5451962054916657 4.242640687119285
2.548663775253916 4.242640687119285
2.552131345016166 4.242640687119285
2.5555989147784164 4.242640687119285
2.5590664845406668 4.242640687119285
2.5625340543029167 4.242640687119285
2.566001624065167 4.242640687119285
2.5694691938274175 4.242640687119285
2.5729367635896674 4.242640687119285
2.5764043333519178 4.242640687119285
2.579871903114168 4.242640687119285
2.583339472876418 4.242640687119285
2.5868070426386685 4.242640687119285
2.590274612400919 4.242640687119285
2.5937421821631688 4.242640687119285
2.597209751925419 4.242640687119285
2.6006773216876695 4.242640687119285
2.6041448914499195 4.242640687119285
2.60761246121217 4.242640687119285
2.61108003097442 4.242640687119285
2.61454760073667 4.242640687119285
2.6180151704989205 4.242640687119285
2.621482740261171 4.242640687119285
2.624950310023421 4.242640687119285
2.628417879785671 4.242640687119285
2.6318854495479216 4.242640687119285
2.6353530193101715 4.242640687119285
2.638820589072422 4.242640687119285
2.6422881588346723 4.242640687119285
2.645755728596922 4.242640687119285
2.6492232983591726 4.242640687119285
2.652690868121423 4.242640687119285
2.656158437883673 4.242640687119285
2.6596260076459233 4.242640687119285
2.6630935774081737 4.242640687119285
2.6665611471704236 4.242640687119285
2.670028716932674 4.242640687119285
2.673496286694924 4.242640687119285
2.6769638564571743 4.242640687119285
2.6804314262194247 4.242640687119285
2.6838989959816746 4.242640687119285
2.687366565743925 4.242640687119285
2.6908341355061753 4.242640687119285
2.6943017052684253 4.242640687119285
2.6977692750306757 4.242640687119285
2.701236844792926 4.242640687119285
2.704704414555176 4.242640687119285
2.7081719843174263 4.242640687119285
2.7116395540796767 4.242640687119285
2.7151071238419267 4.242640687119285
2.718574693604177 4.242640687119285
2.7220422633664274 4.242640687119285
2.7255098331286773 4.242640687119285
2.7289774028909277 4.242640687119285
2.732444972653178 4.242640687119285
2.735912542415428 4.242640687119285
2.7393801121776784 4.242640687119285
2.742847681939929 4.242640687119285
2.7463152517021787 4.242640687119285
2.749782821464429 4.242640687119285
2.7532503912266795 4.242640687119285
2.7567179609889294 4.242640687119285
2.76018553075118 4.242640687119285
2.76365310051343 4.242640687119285
2.76712067027568 4.242640687119285
2.7705882400379305 4.242640687119285
2.774055809800181 4.242640687119285
2.777523379562431 4.242640687119285
2.780990949324681 4.242640687119285
2.7844585190869315 4.242640687119285
2.7879260888491815 4.242640687119285
2.791393658611432 4.242640687119285
2.7948612283736822 4.242640687119285
2.798328798135932 4.242640687119285
2.8017963678981825 4.242640687119285
2.8052639376604325 4.242640687119285
2.808731507422683 4.242640687119285
2.8121990771849332 4.242640687119285
2.815666646947183 4.242640687119285
2.8191342167094335 4.242640687119285
2.822601786471684 4.242640687119285
2.826069356233934 4.242640687119285
2.8295369259961842 4.242640687119285
2.8330044957584346 4.242640687119285
2.8364720655206845 4.242640687119285
2.839939635282935 4.242640687119285
2.8434072050451853 4.242640687119285
2.8468747748074352 4.242640687119285
2.8503423445696856 4.242640687119285
2.853809914331936 4.242640687119285
2.857277484094186 4.242640687119285
2.8607450538564363 4.242640687119285
2.8642126236186867 4.242640687119285
2.8676801933809366 4.242640687119285
2.871147763143187 4.242640687119285
2.8746153329054374 4.242640687119285
2.8780829026676873 4.242640687119285
2.8815504724299377 4.242640687119285
2.885018042192188 4.242640687119285
2.888485611954438 4.242640687119285
2.8919531817166884 4.242640687119285
2.8954207514789387 4.242640687119285
2.8988883212411887 4.242640687119285
2.902355891003439 4.242640687119285
2.9058234607656894 4.242640687119285
2.9092910305279394 4.242640687119285
2.9127586002901897 4.242640687119285
2.91622617005244 4.242640687119285
2.91969373981469 4.242640687119285
2.9231613095769404 4.242640687119285
2.926628879339191 4.242640687119285
2.9300964491014407 4.242640687119285
2.933564018863691 4.242640687119285
2.937031588625941 4.242640687119285
2.9404991583881914 4.242640687119285
2.943966728150442 4.242640687119285
2.9474342979126917 4.242640687119285
2.950901867674942 4.242640687119285
2.9543694374371925 4.242640687119285
2.9578370071994424 4.242640687119285
2.961304576961693 4.242640687119285
2.964772146723943 4.242640687119285
2.968239716486193 4.242640687119285
2.9717072862484435 4.242640687119285
2.975174856010694 4.242640687119285
2.978642425772944 4.242640687119285
2.982109995535194 4.242640687119285
2.9855775652974446 4.242640687119285
2.9890451350596945 4.242640687119285
2.992512704821945 4.242640687119285
2.9959802745841952 4.242640687119285
2.999447844346445 4.242640687119285
3.0029154141086956 4.242640687119285
3.006382983870946 4.242640687119285
3.009850553633196 4.242640687119285
3.0133181233954462 4.242640687119285
3.0167856931576966 4.242640687119285
3.0202532629199466 4.242640687119285
3.023720832682197 4.242640687119285
3.0271884024444473 4.242640687119285
3.0306559722066972 4.242640687119285
3.0341235419689476 4.242640687119285
3.037591111731198 4.242640687119285
3.041058681493448 4.242640687119285
3.0445262512556983 4.242640687119285
3.0479938210179487 4.242640687119285
3.0514613907801986 4.242640687119285
3.054928960542449 4.242640687119285
3.0583965303046994 4.242640687119285
3.0618641000669493 4.242640687119285
3.0653316698291997 4.242640687119285
3.06879923959145 4.242640687119285
3.0722668093537 4.242640687119285
3.0757343791159504 4.242640687119285
3.0792019488782003 4.242640687119285
3.0826695186404507 4.242640687119285
3.086137088402701 4.242640687119285
3.089604658164951 4.242640687119285
3.0930722279272014 4.242640687119285
3.0965397976894518 4.242640687119285
3.1000073674517017 4.242640687119285
3.103474937213952 4.242640687119285
3.1069425069762024 4.242640687119285
3.1104100767384524 4.242640687119285
3.1138776465007028 4.242640687119285
3.117345216262953 4.242640687119285
3.120812786025203 4.242640687119285
3.1242803557874534 4.242640687119285
3.127747925549704 4.242640687119285
3.1312154953119538 4.242640687119285
3.134683065074204 4.242640687119285
3.1381506348364545 4.242640687119285
3.1416182045987044 4.242640687119285
3.145085774360955 4.242640687119285
3.148553344123205 4.242640687119285
3.152020913885455 4.242640687119285
3.1554884836477055 4.242640687119285
3.158956053409956 4.242640687119285
3.162423623172206 4.242640687119285
3.165891192934456 4.242640687119285
3.1693587626967066 4.242640687119285
3.1728263324589565 4.242640687119285
3.176293902221207 4.242640687119285
3.1797614719834573 4.242640687119285
3.183229041745707 4.242640687119285
3.1866966115079576 4.242640687119285
3.190164181270208 4.242640687119285
3.193631751032458 4.242640687119285
3.1970993207947083 4.242640687119285
3.2005668905569586 4.242640687119285
3.2040344603192086 4.242640687119285
3.207502030081459 4.242640687119285
3.210969599843709 4.242640687119285
3.2144371696059593 4.242640687119285
3.2179047393682096 4.242640687119285
3.2213723091304596 4.242640687119285
3.22483987889271 4.242640687119285
3.2283074486549603 4.242640687119285
3.2317750184172103 4.242640687119285
3.2352425881794606 4.242640687119285
3.238710157941711 4.242640687119285
3.242177727703961 4.242640687119285
3.2456452974662113 4.242640687119285
3.2491128672284617 4.242640687119285
3.2525804369907116 4.242640687119285
3.256048006752962 4.242640687119285
3.2595155765152124 4.242640687119285
3.2629831462774623 4.242640687119285
3.2664507160397127 4.242640687119285
3.269918285801963 4.242640687119285
3.273385855564213 4.242640687119285
3.2768534253264634 4.242640687119285
3.2803209950887138 4.242640687119285
3.2837885648509637 4.242640687119285
3.287256134613214 4.242640687119285
3.2907237043754645 4.242640687119285
3.2941912741377144 4.242640687119285
3.2976588438999648 4.242640687119285
3.301126413662215 4.242640687119285
3.304593983424465 4.242640687119285
3.3080615531867155 4.242640687119285
3.311529122948966 4.242640687119285
3.3149966927112158 4.242640687119285
3.318464262473466 4.242640687119285
3.3219318322357165 4.242640687119285
3.3253994019979665 4.242640687119285
3.328866971760217 4.242640687119285
3.332334541522467 4.242640687119285
3.335802111284717 4.242640687119285
3.3392696810469675 4.242640687119285
3.342737250809218 4.242640687119285
3.346204820571468 4.242640687119285
3.349672390333718 4.242640687119285
3.353139960095968 4.242640687119285
3.3566075298582185 4.242640687119285
3.360075099620469 4.242640687119285
3.363542669382719 4.242640687119285
3.367010239144969 4.242640687119285
3.3704778089072196 4.242640687119285
3.3739453786694695 4.242640687119285
3.37741294843172 4.242640687119285
3.3808805181939703 4.242640687119285
3.38434808795622 4.242640687119285
3.3878156577184706 4.242640687119285
3.391283227480721 4.242640687119285
3.394750797242971 4.242640687119285
3.3982183670052213 4.242640687119285
3.4016859367674717 4.242640687119285
3.4051535065297216 4.242640687119285
3.408621076291972 4.242640687119285
3.4120886460542224 4.242640687119285
3.4155562158164723 4.242640687119285
3.4190237855787227 4.242640687119285
3.422491355340973 4.242640687119285
3.425958925103223 4.242640687119285
3.4294264948654734 4.242640687119285
3.4328940646277237 4.242640687119285
3.4363616343899737 4.242640687119285
3.439829204152224 4.242640687119285
3.4432967739144744 4.242640687119285
3.4467643436767244 4.242640687119285
3.4502319134389747 4.242640687119285
3.453699483201225 4.242640687119285
3.457167052963475 4.242640687119285
3.4606346227257254 4.242640687119285
3.464102192487976 4.242640687119285
